[16, 5, 238, -93, 1, 18, 5, 63700991]
[16, 9, 213, 22, 1, 19, 9, 10319560703]
[32, 13, -52562, 39123, 1, 34, 13, 27390260577042431]
[64, 31, -3044569113, 3029311030, 11, 68, 31, 2005355098980455323866972062012669951]
[64, 35, 2930182322, -3132210735, 5, 66, 36, 55375146483210300420417523985122590719]
[128, 45, 17695602115899668787, 5210377402521397538, 25, 131, 45, 201060104081944318961603867552713361945848919821956280850841599]
[128, 53, -10869475477705847907, 14904256766456699422, 11, 132, 53, 1160856701735840275502233018011750083599508991397632539622887129087]
[128, 63, -17147126829742307673, -6801353340410179510, 11, 130, 64, 51410570535599724321098518110431873014850554824779102874143896564137983]
[128, 69, -17871926265841195078, -4569002526165391533, 1, 134, 69, 18171299840219248014584639855759920207430814287158286543151951803760771071]
[128, 75, -10058305193481498770, 15443594036622699807, 1, 131, 78, 44708211844379432333883683285115313680357589701767069253607483419177907126271]
[128, 79, 15835853968460231258, -6343381291216761945, 25, 131, 79, 3353115888328457425041276246383648526026819227632530194020561256438343034470399]
[192, 61, 79223831457691650744600074978, -828410858178221220073321197, 67, 194, 61, 213939264992226511569313845513468390746258707458159645345802749084606408409750557828317183]
[192, 77, 68215278868025985390669284762, -40296122199836154967093696317, 241, 194, 77, 33126291165772708608521396864037992681557260747448599997387946120471818616238913613815141915164671]
[192, 85, 68972842441148231139948737758, -38985237474911218543771943517, 1, 194, 89, 73048420346180141226644065024154418542238473895787682287186089104604413930425827758670260724220035071]
[192, 93, -78698153020961506742057094218, -9148904113377316350229981443, 13, 194, 94, 230759959873583066134968601411303808174931339036793288345220855481445343606215189889639353627811090792447]
[192, 97, 73483411566948741510697646523, -29619081009545461745819833898, 175, 194, 97, 83872370030975383652902049359108499509734659765296022110089887857679172964566674786811226607031338768793599]
[192, 103, -72652367864573284057181491287, 31602771478815064411368495050, 43, 195, 103, 30047396381268404015628806185828275818647455767574107486685573881996217541945960623339103090864130015832834047]
[192, 105, -76453347847874276954084331718, 20784302081183310456759423627, 1, 199, 105, 100623839044247678563966234668820272508958921640248173908900526488545472698609728599089089420568249355347165183]
[192, 107, -53565021994371984593342651978, 58377127601471524106309815185, 239, 194, 107, 6763808680755523643471605336644762692711582514005431939938907264901915992959672694270019729488822011354742259711]
