[17, 3, 123, -340, 3, 20, 3, 1078984703, 2]
[17, 5, 37, -336, 1, 21, 5, 35246833663, 4]
[33, 5, 35037, 85804, 9, 35, 5, 5197357104758783, 2]
[33, 11, 61005, -53768, 1, 37, 12, 1902332027610828111871, 3]
[65, 13, -2480252187, -5544532184, 109, 67, 13, 1558514070880697800450832926244863, 3]
[65, 23, 1842270965, -2476040892, 5, 70, 23, 161556568896157343293982144256299667292159, 2]
[128, 35, 10388935287569590533, -15243109595250278868, 3, 131, 35, 3093727709713320404645157350359626534445736817799351891677492849672191, 2]
[129, 39, 25540983330319118475, -5312437747264217012, 261, 131, 39, 646239500098886359365112983444571307900766626659653218596836448889475170303, 2]
[129, 43, 25479914566939798125, -5399525268700407712, 15, 132, 43, 178347245946830591820188077385105254053993180529865215844943024572831021137919, 5]
[193, 35, -45201053581727189611011762235, -102523500846758003842870924932, 75, 197, 35, 5706920329482521719942908341074057049730237717253052763442335695068280977123136490386227199, 2]
[193, 51, -17588444026636487525631761843, 110656450817361859752521531520, 67, 195, 51, 42356883446959287260354602611558544603885456870409943756141337187049888463455771724854591935553845854207, 7]
[193, 53, -110296156499349454407366665541, 19722102632421264254586430552, 177, 196, 53, 10966007466730683534598670700001410667149210968270610214836233355918915899807519646855638085285328510255103, 3]
[193, 57, 112028738501852782469910251277, -1940417216924292138519829684, 9, 196, 57, 1338782233607815483046003814442545102296199433973783141990938794282778834344297695191545103869664767107923967, 2]
[193, 63, -80010843586336044984948096043, 78436561168105757363230975140, 97, 195, 63, 848784440398189484732960687124391439321356667729745358255162219235096709273995061974124373485596247110643013910527, 2]
